1.000000

2.000000

1.000000

1.000000

28.000000

29.000000

1.000000

1.000000

4.000000

1.000000

1.000000

1.000000

1.000000

1.000000

2.000000

1.000000

1.000000

2.000000

1.000000

1.000000

1.000000

1.000000

1.000000

1.000000

1.000000

1.000000

1.000000

1.000000

1.000000

1.000000

1.000000

1.000000

4.000000

1.000000

1.000000

1.000000

1.000000

1.000000

1.000000

4.000000

1.000000

1.000000

1.000000

1.000000

1.000000

1.000000

1.000000

1.000000

1.000000

1.000000

2.000000

1.000000

1.000000

1.000000

1.000000

1.000000

1.000000

1.000000

1.000000

1.000000

1.000000

6.000000

1.000000

2.000000

1.000000

1.000000

1.000000

1.000000

1.000000

1.000000

1.000000

1.000000

1.000000

1.000000

4.000000

2.000000

1.000000

1.000000

1.000000

1.000000

1.000000

1.000000

1.000000

4.000000

33.000000

2.000000

1.000000

1.000000

1.000000

1.000000

3.000000

1.000000

1.000000

1.000000

1.000000

1.000000

1.000000

1.000000

1.000000

1.000000

1.000000

1.000000

1.000000

1.000000

1.000000

1.000000

1.000000

1.000000

1.000000

1.000000

1.000000

1.000000

1.000000

1.000000

1.000000

9.000000

1.000000

1.000000

1.000000

1.000000

1.000000

1.000000

1.000000

1.000000

1.000000

1.000000

1.000000

1.000000

1.000000

1.000000

1.000000

1.000000

1.000000

1.000000

1.000000

2.000000

1.000000

1.000000

1.000000

1.000000

1.000000

1.000000

1.000000

1.000000

1.000000

1.000000

1.000000

1.000000

1.000000

1.000000

1.000000

1.000000

1.000000

2.000000

1.000000

1.000000

1.000000

1.000000

1.000000

1.000000

1.000000

1.000000

1.000000

1.000000

1.000000

1.000000

1.000000

1.000000

1.000000

2.000000

1.000000

1.000000

1.000000

1.000000

1.000000

1.000000

2.000000

1.000000

1.000000

1.000000

1.000000

3.000000

1.000000

1.000000

1.000000

3.000000

1.000000

1.000000

1.000000

1.000000

1.000000

1.000000

1.000000

1.000000

1.000000

1.000000

1.000000

1.000000

1.000000

1.000000

1.000000

1.000000

1.000000

1.000000

1.000000

1.000000

1.000000

8.000000

1.000000

1.000000

1.000000

1.000000

1.000000

1.000000

1.000000

1.000000

1.000000

1.000000

1.000000

1.000000

1.000000

1.000000

1.000000

1.000000

1.000000

1.000000

2.000000

1.000000

1.000000

1.000000

1.000000

1.000000

1.000000

1.000000

3.000000

1.000000

1.000000

1.000000

1.000000

1.000000

1.000000

1.000000

1.000000

1.000000

1.000000

1.000000

1.000000

1.000000

1.000000

1.000000

1.000000

1.000000

2.000000

1.000000

1.000000

1.000000

1.000000

1.000000

1.000000

77.599998

9.600000

91.002457

6.400000

5.252083

0.800000

0.800000

17.831131

17.831129

3.568750

0.800000

0.800000

0.800000

0.800000

13.356413

2.783333

0.800000

0.800000

0.800000

0.800000

0.800000

18.666670

0.800000

3.568750

0.800000

17.831129

18.666670

17.831131

17.831131

17.831131

2.400000

0.800000

17.831131

1.600000

17.831131

0.800000

0.800000

1.975000

17.831131

17.831131

1.366667

17.831129

1.912500

0.800000

0.800000

0.800000

0.800000

17.831131

0.800000

1.600000

0.800000

0.800000

18.666670

17.831131

17.831131

17.831129

3.568750

17.831131

3.568750

0.800000

1.600000

2.661539

0.800000

0.800000

0.800000

19.182451

0.800000

0.800000

0.800000

0.800000

19.182451

0.800000

2.400000

19.182451

0.800000

3.288889

1.600000

1.550000

0.800000

0.800000

78.800011

7.877048

36.799984

17.631130

11.956413

12.085867

10.702939

17.631130

3.600000

0.600000

0.600000

0.600000

1.766667

6.942933

12.085866

12.085867

0.912500

3.000000

1.200000

0.600000

1.200000

0.833333

2.033333

3.556250

9.715566

0.600000

20.363689

0.600000

17.857546

18.982450

18.457548

20.363689

11.956413

0.600000

0.600000

0.600000

0.600000

1.400000

0.600000

1.200000

0.600000

17.857548

3.809927

17.800005

2.200000

64.216606

0.400000

13.870663

0.400000

0.400000

1.066667

13.870663

23.563215

17.883608

9.869582

20.289570

20.289570

1.146528

6.540924

